
***************************************
Detector: SIFT
Descriptor: SIFT
***************************************
14.4298 , 11.5248 , 12.6112 , -0.797521 , -1.5514 , 11.7801 , 16.0578 , 14.4328 , 23.5694 , -18.0507 , 7.4217 , 7.41135 , 10.3234 , 19.773 , -38.345 , 8.68204 , 8.61235 , 8.50381 , 
***************************************
Detector: SIFT
Descriptor: BRISK
***************************************
100.919 , 12.2747 , 0.241766 , 0.798538 , 14.5191 , 0.0683789 , 0.322584 , 12.6528 , 12.247 , 9.39425 , 11.0112 , 8.8881 , 9.16282 , 9.33191 , 14.2973 , 9.08406 , 8.61235 , 7.53877 , 
***************************************
Detector: SIFT
Descriptor: BRIEF
***************************************
7.3595 , 4.59394 , 13.9338 , 14.7578 , 24.2774 , 26.7283 , 12.8498 , 9.76301 , 11.9987 , 6.8667 , 11.7094 , 9.38957 , 8.90423 , 9.53231 , 7.10512 , 8.86657 , 8.56019 , 10.916 , 
***************************************
Detector: SIFT
Descriptor: FREAK
***************************************
11.2206 , 12.698 , 12.4544 , 17.0721 , 0.18948 , 6.37304 , 0.124733 , 11.9603 , 8.88509 , -9.8147 , 11.0112 , 10.1726 , 10.9541 , 28.8172 , 8.96075 , 8.95836 , 8.36422 , 9.02721 , 
***************************************
Detector: FAST
Descriptor: SIFT
***************************************
5.36687 , 56.8245 , 9.63218 , -inf , 4.60404 , 13.0192 , 11.5544 , 12.893 , 12.0661 , 12.4292 , 11.3077 , 11.0903 , 11.612 , 2.00312 , 4.68022 , 9.59719 , 9.45101 , 10.5547 , 
***************************************
Detector: BRISK
Descriptor: SIFT
***************************************
12.0195 , 10.0598 , 14.8228 , 1.04774 , 23.6558 , 13.8783 , -2.04353 , 17.4088 , 14.1424 , 12.7054 , 10.4199 , 3.34987 , 12.3648 , 0.71835 , 12.938 , 10.2439 , 1.56923 , 12.2532 , 
***************************************
Detector: ORB
Descriptor: SIFT
***************************************
13.9028 , -15.1225 , 12.7792 , 14.3646 , 8.09216 , 8.77199 , 12.9046 , 10.9746 , 7.23455 , -inf , 7.86408 , 26.1349 , -inf , -inf , 15.711 , 44.5772 , 

